#PATH-POINTS-START Path
-140.38,-59.272,120,0
-138.38,-59.272,120
-136.38,-59.272,120
-134.38,-59.272,120
-132.38,-59.272,120
-130.38,-59.272,120
-128.38,-59.272,120
-126.38,-59.272,120
-124.38,-59.272,120
-122.38,-59.272,120
-120.38,-59.272,120
-118.38,-59.272,120
-116.38,-59.272,120
-114.38,-59.272,120
-112.38,-59.272,120
-110.38,-59.272,120
-108.38,-59.272,120
-106.38,-59.272,120
-104.38,-59.272,120
-102.38,-59.272,120
-100.38,-59.272,120
-98.38,-59.272,120
-96.38,-59.272,120
-94.38,-59.272,120
-92.38,-59.272,120
-90.38,-59.272,120
-88.38,-59.272,120
-86.38,-59.272,120
-84.38,-59.272,120
-82.38,-59.272,120
-80.38,-59.272,120
-78.38,-59.272,120
-76.38,-59.272,120
-74.38,-59.272,120
-72.38,-59.272,120
-70.38,-59.272,120
-68.38,-59.272,120
-66.38,-59.272,120
-64.38,-59.272,120
-62.38,-59.272,120
-60.38,-59.272,120
-58.38,-59.272,120,0
-56.429,-59.658,120
-54.499,-60.181,120
-52.575,-60.729,120
-50.662,-61.31,120
-48.758,-61.923,120
-46.867,-62.574,120
-44.989,-63.263,120
-43.129,-63.997,120
-41.288,-64.779,120
-39.471,-65.613,120
-37.681,-66.504,120
-35.923,-67.459,120
-34.205,-68.483,120
-32.534,-69.581,120
-30.921,-70.762,120
-29.373,-72.029,120
-27.906,-73.388,120
-26.53,-74.839,120
-25.26,-76.383,120
-24.107,-78.017,120
-23.079,-79.731,120
-22.178,-81.517,120
-21.405,-83.361,120
-20.752,-85.251,120
-20.21,-87.176,120
-19.764,-89.125,120
-19.4,-91.092,120
-19.103,-93.069,120
-18.856,-95.054,120
-18.648,-97.043,120
-18.463,-99.035,120
-18.29,-101.027,120
-18.117,-103.02,120
-17.934,-105.011,120
-17.732,-107.001,120
-17.5,-108.988,120
-17.233,-110.97,120
-16.922,-112.945,120
-16.56,-114.912,120
-16.144,-116.868,120
-15.667,-118.81,120,0
-16.96,-119.805,120
-18.871,-120.393,120
-20.818,-120.848,120
-22.794,-121.148,120
-24.789,-121.294,120
-26.788,-121.268,120
-28.778,-121.081,120
-30.747,-120.731,120
-32.684,-120.237,120
-34.584,-119.613,120
-36.444,-118.877,120
-38.265,-118.051,120
-40.048,-117.147,120
-41.802,-116.185,120
-43.529,-115.177,120
-45.237,-114.136,120
-46.931,-113.073,120
-48.617,-111.996,120
-50.3,-110.916,120
-51.985,-109.839,120
-53.677,-108.773,120
-55.381,-107.725,120
-57.099,-106.702,120
-58.835,-105.708,120
-60.59,-104.75,120
-62.368,-103.835,120
-64.17,-102.966,120
-65.995,-102.149,120
-67.845,-101.39,120
-69.719,-100.691,120
-71.616,-100.058,120
-73.534,-99.491,120
-75.471,-98.995,120
-77.426,-98.57,120
-79.394,-98.217,120
-81.374,-97.936,120
-83.363,-97.731,120
-85.359,-97.596,120
-87.357,-97.527,120
-89.357,-97.532,120
-91.356,-97.599,120
-93.351,-97.732,120
-95.342,-97.923,120
-97.326,-98.174,120
-99.303,-98.476,120
-101.27,-98.836,120
-103.229,-99.243,120
-105.177,-99.694,120
-107.113,-100.194,120,0
-109.052,-100.683,120
-111.002,-101.126,120
-112.948,-101.59,120
-114.888,-102.076,120
-116.822,-102.586,120
-118.749,-103.12,120
-120.669,-103.68,120
-122.581,-104.267,120
-124.484,-104.883,120
-126.377,-105.528,120
-128.26,-106.203,120
-130.13,-106.91,120
-131.989,-107.648,120
-133.835,-108.418,120
-135.667,-109.219,120
-137.487,-110.05,120
-139.294,-110.906,120
-141.092,-111.782,120
-142.883,-112.672,120
-144.673,-113.565,120
-146.469,-114.445,120
-148.279,-115.296,120
-150.111,-116.096,120
-151.974,-116.824,120
-153.871,-117.458,120
-155.801,-117.98,120
-157.759,-118.385,120
-159.739,-118.67,120
-161.731,-118.844,120
-163.729,-118.915,120
-165.729,-118.897,120
-167.727,-118.803,120
-169.72,-118.642,120
-171.709,-118.428,120,0
-173.693,-118.176,120
-174.692,-117.735,120
-172.693,-117.674,120
-170.693,-117.682,120
-168.694,-117.712,120
-166.694,-117.755,120
-164.695,-117.805,120
-162.696,-117.86,120
-160.696,-117.92,120
-158.697,-117.982,120
-156.698,-118.047,120
-154.7,-118.114,120
-152.701,-118.183,120
-150.702,-118.253,120
-148.703,-118.324,120
-146.705,-118.396,120
-144.706,-118.469,120
-142.707,-118.542,120
-140.709,-118.616,120
-138.71,-118.691,120
-136.711,-118.765,120
-134.713,-118.84,120
-132.714,-118.915,120
-130.716,-118.991,120
-128.717,-119.066,120
-126.718,-119.141,120
-124.72,-119.216,120
-122.721,-119.291,120
-120.723,-119.366,120
-118.724,-119.441,120
-116.725,-119.515,120
-114.727,-119.59,120
-112.728,-119.663,120
-110.729,-119.737,120
-108.731,-119.81,120
-106.732,-119.882,120
-104.733,-119.954,120
-102.735,-120.026,120
-100.736,-120.097,120
-98.737,-120.167,120
-96.738,-120.236,120
-94.74,-120.305,120
-92.741,-120.373,120
-90.742,-120.44,120
-88.743,-120.506,120
-86.744,-120.571,120
-84.745,-120.635,120
-82.746,-120.697,120
-80.747,-120.759,120
-78.748,-120.819,120
-76.749,-120.878,120
-74.75,-120.935,120
-72.75,-120.991,120
-70.751,-121.045,120
-68.752,-121.096,120
-66.752,-121.146,120
-63.728,-121.217,120,0
-63.728,-121.217,0,0
#PATH-POINTS-START Path
142.607,61.052,120,0
140.611,60.934,120
138.614,60.816,120
136.618,60.698,120
134.621,60.58,120
132.625,60.461,120
130.628,60.343,120
128.632,60.225,120
126.635,60.107,120
124.639,59.989,120
122.642,59.87,120
120.646,59.752,120
118.649,59.634,120
116.653,59.516,120
114.656,59.397,120
112.66,59.279,120
110.663,59.161,120
108.667,59.043,120
106.67,58.925,120
104.674,58.806,120
102.677,58.688,120
100.681,58.57,120
98.684,58.452,120
96.688,58.334,120
94.691,58.215,120
92.695,58.097,120
90.698,57.979,120
88.702,57.861,120
86.705,57.742,120
84.709,57.624,120
82.712,57.506,120
80.716,57.388,120
78.719,57.27,120
76.723,57.151,120
74.726,57.033,120
72.73,56.915,120
70.733,56.797,120
68.737,56.679,120
66.74,56.56,120
64.744,56.442,120
62.747,56.324,120
60.751,56.206,120
58.754,56.087,120
56.758,55.969,120,0
54.796,56.252,120
52.868,56.783,120
50.964,57.392,120
49.094,58.1,120
47.263,58.905,120
45.488,59.826,120
43.78,60.865,120
42.154,62.029,120
40.629,63.32,120
39.22,64.739,120
37.944,66.278,120
36.812,67.926,120
35.832,69.668,120
35.007,71.489,120
34.326,73.369,120
33.78,75.293,120
33.359,77.248,120
33.05,79.223,120
32.839,81.212,120
32.712,83.208,120
32.655,85.207,120
32.657,87.207,120
32.707,89.206,120
32.795,91.204,120
32.91,93.201,120
33.042,95.196,120
33.18,97.192,120
33.312,99.187,120
33.424,101.184,120
33.501,103.183,120
33.525,105.182,120
33.468,107.181,120
33.297,109.174,120
32.965,111.145,120
32.411,113.065,120
31.562,114.872,120
30.36,116.465,120
28.818,117.73,120
27.033,118.624,120
25.114,119.177,120
23.136,119.463,120
21.139,119.544,120
19.14,119.469,120
17.15,119.272,120
16.325,119.15,120,0
18.319,119.307,120
20.318,119.3,120
22.311,119.135,120
24.282,118.804,120
26.224,118.326,120
28.124,117.704,120
29.98,116.958,120
31.787,116.103,120
33.547,115.154,120
35.262,114.126,120
36.937,113.032,120
38.575,111.884,120
40.182,110.694,120
41.763,109.47,120
43.324,108.219,120
44.87,106.951,120
46.406,105.67,120
47.937,104.383,120
49.469,103.097,120
51.005,101.815,120
52.549,100.545,120
54.108,99.292,120
55.684,98.061,120
57.282,96.858,120
58.904,95.688,120
60.556,94.56,120
62.239,93.48,120
63.955,92.454,120
65.707,91.489,120
67.495,90.593,120
69.32,89.777,120
71.181,89.044,120
73.075,88.402,120
74.999,87.857,120
76.949,87.413,120
78.92,87.074,120
80.906,86.843,120
82.902,86.718,120
84.902,86.7,120
86.9,86.784,120
88.891,86.968,120
90.872,87.244,120
92.838,87.608,120
94.788,88.051,120
96.739,88.48,120,0
98.712,88.806,120
100.681,89.161,120
102.642,89.55,120
104.596,89.977,120
106.54,90.447,120
108.472,90.965,120
110.388,91.538,120
112.285,92.17,120
114.16,92.867,120
116.007,93.632,120
117.826,94.465,120
119.614,95.361,120
121.373,96.313,120
123.108,97.307,120
124.826,98.33,120
126.537,99.366,120
128.248,100.402,120
129.966,101.426,120
131.695,102.431,120
133.439,103.41,120
135.199,104.36,120
136.974,105.281,120
138.765,106.171,120
140.571,107.03,120
142.391,107.861,120
144.222,108.664,120
146.065,109.44,120
147.919,110.192,120
149.781,110.921,120
151.652,111.627,120
153.531,112.313,120
155.416,112.98,120
157.308,113.63,120
159.206,114.261,120
161.108,114.878,120
163.016,115.479,120
164.927,116.067,120
166.843,116.641,120
168.763,117.203,120,0
170.683,117.761,120
172.598,118.338,120
174.506,118.938,120
176.401,119.576,120
178.278,120.268,120
180.113,121.062,120
181.781,122.145,120
180.889,123.414,120
178.922,123.763,120
176.929,123.928,120
174.931,124.01,120
172.931,124.046,120
170.931,124.05,120
168.932,124.032,120
166.932,123.996,120
164.933,123.947,120
162.933,123.887,120
160.935,123.818,120
158.936,123.741,120
156.938,123.658,120
154.94,123.571,120
152.942,123.478,120
150.944,123.382,120
148.947,123.283,120
146.949,123.181,120
144.952,123.077,120
142.955,122.971,120
140.958,122.864,120
138.961,122.755,120
136.964,122.645,120
134.967,122.534,120
132.97,122.423,120
130.973,122.312,120
128.976,122.2,120
126.979,122.089,120
124.982,121.978,120
122.985,121.867,120
120.988,121.757,120
118.991,121.648,120
116.994,121.54,120
114.997,121.432,120
113,121.326,120
111.003,121.221,120
109.005,121.118,120
107.008,121.016,120
105.01,120.917,120
103.013,120.819,120
101.015,120.723,120
99.017,120.63,120
97.019,120.539,120
95.021,120.451,120
93.023,120.366,120
91.025,120.283,120
89.026,120.204,120
87.028,120.128,120
85.029,120.056,120
83.03,119.988,120
81.031,119.924,120
79.032,119.864,120
77.033,119.809,120
75.034,119.758,120
73.034,119.713,120
71.034,119.674,120
69.035,119.641,120
67.035,119.614,120
65.035,119.594,120
63.035,119.582,120
61.035,119.577,120
59.035,119.581,120
57.035,119.594,120
53.293,119.647,120,0
53.293,119.647,0,0
#PATH-POINTS-START Path
-141.265,59.346,120,0
-139.267,59.252,120
-137.269,59.158,120
-135.272,59.064,120
-133.274,58.97,120
-131.276,58.877,120
-129.278,58.783,120
-127.28,58.689,120
-125.283,58.595,120
-123.285,58.501,120
-121.287,58.407,120
-119.289,58.313,120
-117.291,58.22,120
-115.294,58.126,120
-113.296,58.032,120
-111.298,57.938,120
-109.3,57.844,120
-107.302,57.75,120
-105.305,57.656,120
-103.307,57.563,120
-101.309,57.469,120
-99.311,57.375,120
-97.313,57.281,120
-95.316,57.187,120
-93.318,57.093,120
-91.32,56.999,120
-89.322,56.906,120
-87.324,56.812,120
-85.327,56.718,120
-83.329,56.624,120
-81.331,56.53,120
-79.333,56.436,120
-77.335,56.342,120
-75.338,56.249,120
-73.34,56.155,120
-71.342,56.061,120
-69.344,55.967,120
-67.346,55.873,120
-65.349,55.779,120
-63.351,55.685,120
-61.353,55.592,120
-59.355,55.498,120
-57.357,55.404,120
-55.391,55.636,120,0
-53.462,56.163,120
-51.559,56.778,120
-49.685,57.475,120
-47.853,58.275,120
-46.067,59.175,120
-44.339,60.181,120
-42.686,61.307,120
-41.117,62.546,120
-39.646,63.9,120
-38.286,65.365,120
-37.047,66.934,120
-35.937,68.597,120
-34.959,70.341,120
-34.114,72.152,120
-33.395,74.018,120
-32.799,75.927,120
-32.315,77.867,120
-31.935,79.83,120
-31.648,81.81,120
-31.446,83.799,120
-31.317,85.795,120
-31.254,87.794,120
-31.248,89.794,120
-31.29,91.793,120
-31.372,93.792,120
-31.487,95.788,120
-31.626,97.783,120
-31.782,99.777,120
-31.946,101.771,120
-32.107,103.764,120
-32.254,105.759,120
-32.371,107.755,120
-32.436,109.754,120
-32.421,111.754,120
-32.274,113.748,120
-31.916,115.714,120
-31.204,117.577,120
-29.961,119.128,120
-28.2,120.043,120
-26.225,120.317,120
-24.233,120.16,120
-22.278,119.743,120
-20.363,119.168,120,0
-21.799,119.259,120
-23.792,119.419,120
-25.79,119.516,120
-27.789,119.543,120
-29.789,119.497,120
-31.785,119.37,120
-33.773,119.158,120
-35.75,118.857,120
-37.71,118.458,120
-39.647,117.963,120
-41.556,117.368,120
-43.433,116.678,120
-45.272,115.891,120
-47.07,115.017,120
-48.827,114.061,120
-50.543,113.034,120
-52.22,111.945,120
-53.863,110.804,120
-55.478,109.624,120
-57.071,108.416,120
-58.651,107.189,120
-60.224,105.954,120
-61.798,104.721,120
-63.383,103.5,120
-64.983,102.3,120
-66.605,101.131,120
-68.256,100.002,120
-69.938,98.92,120
-71.654,97.893,120
-73.407,96.929,120
-75.194,96.033,120
-77.017,95.21,120
-78.871,94.461,120
-80.756,93.793,120
-82.667,93.202,120
-84.599,92.688,120
-86.551,92.25,120
-88.518,91.888,120
-90.496,91.597,120
-92.483,91.372,120
-94.477,91.213,120,0
-96.474,91.297,120
-98.468,91.457,120
-100.456,91.676,120
-102.436,91.953,120
-104.408,92.285,120
-106.371,92.671,120
-108.322,93.112,120
-110.261,93.601,120
-112.188,94.137,120
-114.101,94.718,120
-116.001,95.341,120
-117.889,96.004,120
-119.763,96.702,120
-121.623,97.435,120
-123.472,98.198,120
-125.309,98.988,120
-127.135,99.804,120
-128.952,100.641,120
-130.759,101.497,120
-132.56,102.368,120
-134.354,103.252,120
-136.143,104.145,120
-137.93,105.044,120
-139.716,105.944,120
-141.503,106.843,120
-143.292,107.736,120
-145.087,108.618,120
-146.889,109.485,120
-148.702,110.331,120
-150.527,111.149,120
-152.367,111.933,120
-154.225,112.673,120
-156.102,113.361,120
-158.002,113.986,120
-159.925,114.535,120
-161.872,114.993,120
-163.84,115.346,120
-165.827,115.574,120
-167.824,115.663,120,0
-168.803,117.179,120
-167.266,118.371,120
-165.356,118.957,120
-163.396,119.355,120
-161.419,119.655,120
-159.433,119.894,120
-157.443,120.089,120
-155.45,120.253,120
-153.455,120.39,120
-151.458,120.508,120
-149.461,120.608,120
-147.462,120.694,120
-145.464,120.768,120
-143.465,120.831,120
-141.465,120.884,120
-139.466,120.93,120
-137.466,120.968,120
-135.467,120.999,120
-133.467,121.024,120
-131.467,121.043,120
-129.467,121.058,120
-127.467,121.068,120
-125.467,121.074,120
-123.467,121.076,120
-121.467,121.075,120
-119.467,121.07,120
-117.467,121.062,120
-115.467,121.051,120
-113.467,121.038,120
-111.467,121.022,120
-109.467,121.004,120
-107.467,120.984,120
-105.467,120.962,120
-103.468,120.938,120
-101.468,120.912,120
-99.468,120.885,120
-97.468,120.856,120
-95.468,120.826,120
-93.469,120.795,120
-91.469,120.763,120
-89.469,120.729,120
-87.469,120.694,120
-85.47,120.659,120
-83.47,120.623,120
-81.47,120.586,120
-79.471,120.548,120
-77.471,120.51,120
-75.471,120.471,120
-73.472,120.432,120
-71.472,120.392,120
-69.473,120.352,120
-67.473,120.312,120
-65.473,120.271,120
-62.759,120.216,120,0
-62.759,120.216,0,0
#PATH-POINTS-START Path
140.901,-60.688,120,0
138.904,-60.568,120
136.908,-60.447,120
134.912,-60.327,120
132.915,-60.206,120
130.919,-60.085,120
128.923,-59.965,120
126.926,-59.844,120
124.93,-59.724,120
122.934,-59.603,120
120.937,-59.483,120
118.941,-59.362,120
116.945,-59.241,120
114.948,-59.121,120
112.952,-59,120
110.955,-58.88,120
108.959,-58.759,120
106.963,-58.638,120
104.966,-58.518,120
102.97,-58.397,120
100.974,-58.277,120
98.977,-58.156,120
96.981,-58.036,120
94.985,-57.915,120
92.988,-57.794,120
90.992,-57.674,120
88.995,-57.553,120
86.999,-57.433,120
85.003,-57.312,120
83.006,-57.191,120
81.01,-57.071,120
79.014,-56.95,120
77.017,-56.83,120
75.021,-56.709,120
73.025,-56.588,120
71.028,-56.468,120
69.032,-56.347,120
67.035,-56.227,120
65.039,-56.106,120
63.043,-55.986,120
61.046,-55.865,120
59.05,-55.744,120
57.054,-55.624,120
55.129,-55.961,120,0
53.274,-56.709,120
51.434,-57.492,120
49.608,-58.309,120
47.803,-59.168,120
46.016,-60.068,120
44.254,-61.013,120
42.52,-62.01,120
40.817,-63.058,120
39.15,-64.162,120
37.524,-65.328,120
35.948,-66.558,120
34.428,-67.857,120
32.972,-69.228,120
31.589,-70.673,120
30.292,-72.195,120
29.086,-73.79,120
27.986,-75.459,120
26.994,-77.196,120
26.118,-78.993,120
25.359,-80.843,120
24.718,-82.737,120
24.188,-84.665,120
23.76,-86.619,120
23.425,-88.591,120
23.17,-90.574,120
22.982,-92.565,120
22.847,-94.561,120
22.751,-96.558,120
22.679,-98.557,120
22.617,-100.556,120
22.551,-102.555,120
22.467,-104.553,120
22.349,-106.55,120
22.182,-108.542,120
21.951,-110.529,120
21.642,-112.505,120
21.239,-114.464,120
20.731,-116.398,120
20.106,-118.297,120
20.561,-119.729,120,0
22.371,-120.578,120
24.246,-121.273,120
26.174,-121.799,120
28.144,-122.142,120
30.137,-122.294,120
32.136,-122.261,120
34.124,-122.052,120
36.09,-121.686,120
38.025,-121.183,120
39.927,-120.564,120
41.794,-119.849,120
43.629,-119.054,120
45.436,-118.196,120
47.219,-117.29,120
48.981,-116.343,120
50.727,-115.369,120
52.462,-114.374,120
54.189,-113.366,120
55.913,-112.351,120
57.636,-111.336,120
59.362,-110.326,120
61.094,-109.326,120
62.835,-108.34,120
64.586,-107.374,120
66.35,-106.432,120
68.129,-105.518,120
69.924,-104.636,120
71.736,-103.789,120
73.566,-102.984,120
75.416,-102.223,120
77.284,-101.51,120
79.172,-100.849,120
81.077,-100.242,120
83,-99.693,120
84.94,-99.205,120
86.894,-98.78,120
88.861,-98.421,120
90.84,-98.128,120
92.827,-97.904,120
94.821,-97.747,120
96.819,-97.658,120,0
98.818,-97.612,120
100.818,-97.576,120
102.818,-97.553,120
104.818,-97.543,120
106.818,-97.549,120
108.817,-97.573,120
110.817,-97.617,120
112.816,-97.683,120
114.814,-97.777,120
116.81,-97.899,120
118.804,-98.057,120
120.794,-98.253,120
122.779,-98.496,120
124.757,-98.79,120
126.726,-99.142,120
128.682,-99.558,120
130.623,-100.041,120
132.545,-100.594,120
134.447,-101.212,120
136.328,-101.89,120
138.191,-102.618,120
140.039,-103.383,120
141.877,-104.172,120
143.709,-104.973,120
145.541,-105.777,120
147.374,-106.575,120
149.212,-107.363,120
151.057,-108.137,120
152.908,-108.894,120
154.766,-109.633,120
156.632,-110.353,120
158.505,-111.054,120
160.385,-111.737,120
162.271,-112.403,120
164.163,-113.05,120
166.061,-113.681,120
167.964,-114.296,120
169.871,-114.9,120,0
171.768,-115.532,120
173.644,-116.227,120
175.474,-117.031,120
177.169,-118.083,120
177.319,-119.734,120
175.492,-120.519,120
173.54,-120.949,120
171.563,-121.247,120
169.575,-121.472,120
167.583,-121.649,120
165.588,-121.793,120
163.592,-121.911,120
161.594,-122.009,120
159.596,-122.091,120
157.597,-122.16,120
155.598,-122.217,120
153.599,-122.265,120
151.599,-122.304,120
149.599,-122.337,120
147.599,-122.364,120
145.599,-122.385,120
143.6,-122.402,120
141.6,-122.415,120
139.6,-122.423,120
137.6,-122.429,120
135.6,-122.432,120
133.6,-122.433,120
131.6,-122.431,120
129.6,-122.428,120
127.6,-122.423,120
125.6,-122.416,120
123.6,-122.409,120
121.6,-122.401,120
119.6,-122.392,120
117.6,-122.383,120
115.6,-122.374,120
113.6,-122.364,120
111.6,-122.354,120
109.6,-122.345,120
107.6,-122.337,120
105.6,-122.328,120
103.6,-122.321,120
101.6,-122.315,120
99.6,-122.31,120
97.6,-122.306,120
95.6,-122.303,120
93.6,-122.303,120
91.6,-122.304,120
89.6,-122.307,120
87.6,-122.313,120
85.6,-122.321,120
83.6,-122.332,120
81.6,-122.346,120
79.6,-122.363,120
77.6,-122.383,120
75.6,-122.408,120
73.601,-122.437,120
71.601,-122.471,120
69.601,-122.509,120
67.602,-122.553,120
65.602,-122.603,120
62.395,-122.697,120,0
62.395,-122.697,0,0
#PATH.JERRYIO-DATA {"appVersion":"0.10.0","format":"path.jerryio v0.1","gc":{"robotWidth":30,"robotHeight":30,"robotIsHolonomic":false,"showRobot":false,"uol":1,"pointDensity":2,"controlMagnetDistance":5,"fieldImage":{"displayName":"V5RC 2026 - Push Back","signature":"V5RC-PushBack-H2H-TopDownHighlighted-TileColor66_71","origin":{"__type":"built-in"}},"coordinateSystem":"VEX Gaming Positioning System"},"paths":[{"segments":[{"controls":[{"uid":"fNnCXLkc8S","x":-140.3804347826087,"y":-59.27173913043478,"lock":false,"visible":true,"heading":0,"__type":"end-point"},{"uid":"TjGIuXAaZR","x":-57.93478260869565,"y":-59.27173913043478,"lock":false,"visible":true,"heading":0,"__type":"end-point"}],"speedProfiles":[],"lookaheadKeyframes":[],"uid":"PP6nRYqVop"},{"controls":[{"uid":"TjGIuXAaZR","x":-57.93478260869565,"y":-59.27173913043478,"lock":false,"visible":true,"heading":0,"__type":"end-point"},{"uid":"7wW05507Aw","x":-9.284163788850513,"y":-71.4971632955106,"lock":false,"visible":true,"__type":"control"},{"uid":"J3NH4AIgFQ","x":-22.672307007571703,"y":-92.98982218313635,"lock":false,"visible":true,"__type":"control"},{"uid":"ya3PxbXEOd","x":-15.541872224962995,"y":-119.28330044400592,"lock":false,"visible":true,"heading":0,"__type":"end-point"}],"speedProfiles":[],"lookaheadKeyframes":[],"uid":"AxipOlhZY2"},{"controls":[{"uid":"ya3PxbXEOd","x":-15.541872224962995,"y":-119.28330044400592,"lock":false,"visible":true,"heading":0,"__type":"end-point"},{"uid":"sNKl5DGuk7","x":-45.69264923532313,"y":-131.22983473112976,"lock":false,"visible":true,"__type":"control"},{"uid":"Cp7TrO4Ke9","x":-55.932535767143555,"y":-85.71922792303897,"lock":false,"visible":true,"__type":"control"},{"uid":"q5YEsjGOfj","x":-108.26973359644795,"y":-100.51017513566848,"lock":false,"visible":true,"heading":0,"__type":"end-point"}],"speedProfiles":[],"lookaheadKeyframes":[],"uid":"aIwDapBUqT"},{"controls":[{"uid":"q5YEsjGOfj","x":-108.26973359644795,"y":-100.51017513566848,"lock":false,"visible":true,"heading":0,"__type":"end-point"},{"uid":"an73kaijZC","x":-147.52263196842623,"y":-109.0434139121855,"lock":false,"visible":true,"__type":"control"},{"uid":"rK6I5WTBXi","x":-146.17391304347828,"y":-121.21739130434781,"lock":false,"visible":true,"__type":"control"},{"uid":"jndhOjvH0E","x":-170.68478260869566,"y":-118.54347826086956,"lock":false,"visible":true,"heading":0,"__type":"end-point"}],"speedProfiles":[],"lookaheadKeyframes":[],"uid":"flSzSzP8WV"},{"controls":[{"uid":"jndhOjvH0E","x":-170.68478260869566,"y":-118.54347826086956,"lock":false,"visible":true,"heading":0,"__type":"end-point"},{"uid":"MrXfQCUKZD","x":-195.19565217391303,"y":-115.86956521739131,"lock":false,"visible":true,"__type":"control"},{"uid":"cHxadw9UMK","x":-113.19565217391303,"y":-120.1032608695652,"lock":false,"visible":true,"__type":"control"},{"uid":"2OFGqxLSZN","x":-63.72826086956521,"y":-121.21739130434781,"lock":false,"visible":true,"heading":0,"__type":"end-point"}],"speedProfiles":[],"lookaheadKeyframes":[],"uid":"4VZqdxDL7q"}],"pc":{"speedLimit":{"minLimit":{"value":0,"label":"0"},"maxLimit":{"value":600,"label":"600"},"step":1,"from":40,"to":120},"bentRateApplicableRange":{"minLimit":{"value":0,"label":"0"},"maxLimit":{"value":1,"label":"1"},"step":0.001,"from":0,"to":0.1}},"name":"Path","uid":"zoAM0vdmXo","lock":false,"visible":true},{"segments":[{"controls":[{"uid":"On9cSmtsvw","x":142.60748643315245,"y":61.052479033053764,"lock":false,"visible":true,"heading":0,"__type":"end-point"},{"uid":"1aimJZ3eLE","x":56.13733349777997,"y":55.932535767143555,"lock":false,"visible":true,"heading":0,"__type":"end-point"}],"speedProfiles":[],"lookaheadKeyframes":[],"uid":"E3WdLerhGg"},{"controls":[{"uid":"1aimJZ3eLE","x":56.13733349777997,"y":55.932535767143555,"lock":false,"visible":true,"heading":0,"__type":"end-point"},{"uid":"EqPyZnlimt","x":7.78231376418352,"y":66.74130488406513,"lock":false,"visible":true,"__type":"control"},{"uid":"V5LVJwRkuu","x":56.13733349777997,"y":125.33621114948198,"lock":false,"visible":true,"__type":"control"},{"uid":"U69FuQvnHc","x":15.746669955599412,"y":119.0785027133695,"lock":false,"visible":true,"heading":0,"__type":"end-point"}],"speedProfiles":[],"lookaheadKeyframes":[],"uid":"OST7A1zfXc"},{"controls":[{"uid":"U69FuQvnHc","x":15.746669955599412,"y":119.0785027133695,"lock":false,"visible":true,"heading":0,"__type":"end-point"},{"uid":"nAwUs8NeM1","x":44.190799210656145,"y":123.06068080907744,"lock":false,"visible":true,"__type":"control"},{"uid":"jswGpD1uCv","x":56.706216082881106,"y":77.55007400098667,"lock":false,"visible":true,"__type":"control"},{"uid":"b1fAPx6h7f","x":95.9591144548594,"y":88.35884311790824,"lock":false,"visible":true,"heading":0,"__type":"end-point"}],"speedProfiles":[],"lookaheadKeyframes":[],"uid":"jZANZH7OEK"},{"controls":[{"uid":"b1fAPx6h7f","x":95.9591144548594,"y":88.35884311790824,"lock":false,"visible":true,"heading":0,"__type":"end-point"},{"uid":"kDA7MsrSwu","x":129.52318697582635,"y":93.47878638381844,"lock":false,"visible":true,"__type":"control"},{"uid":"BmU8GxTgzO","x":119.85218302910705,"y":103.14979033053773,"lock":false,"visible":true,"__type":"control"},{"uid":"Gc6Ea8vMxP","x":169.34496793290577,"y":117.3718549580661,"lock":false,"visible":true,"heading":0,"__type":"end-point"}],"speedProfiles":[],"lookaheadKeyframes":[],"uid":"Z8pdpvlKEa"},{"controls":[{"uid":"Gc6Ea8vMxP","x":169.34496793290577,"y":117.3718549580661,"lock":false,"visible":true,"heading":0,"__type":"end-point"},{"uid":"WxGkxCM70j","x":218.8377528367045,"y":131.59391958559445,"lock":false,"visible":true,"__type":"control"},{"uid":"0ssRvttcdo","x":111.31894425259003,"y":118.50962012826837,"lock":false,"visible":true,"__type":"control"},{"uid":"LJm4UIj8Nz","x":53.2929205722743,"y":119.64738529847064,"lock":false,"visible":true,"heading":0,"__type":"end-point"}],"speedProfiles":[],"lookaheadKeyframes":[],"uid":"QlJpk5wBSt"}],"pc":{"speedLimit":{"minLimit":{"value":0,"label":"0"},"maxLimit":{"value":600,"label":"600"},"step":1,"from":40,"to":120},"bentRateApplicableRange":{"minLimit":{"value":0,"label":"0"},"maxLimit":{"value":1,"label":"1"},"step":0.001,"from":0,"to":0.1}},"name":"Path","uid":"9UaBGH1qGG","lock":false,"visible":true},{"segments":[{"controls":[{"uid":"xUOVzFKYcq","x":-141.26492353231376,"y":59.345831277750364,"lock":false,"visible":true,"heading":0,"__type":"end-point"},{"uid":"HK1LW7D7DJ","x":-56.50141835224469,"y":55.36365318204242,"lock":false,"visible":true,"heading":0,"__type":"end-point"}],"speedProfiles":[],"lookaheadKeyframes":[],"uid":"pabnXCTMxz"},{"controls":[{"uid":"HK1LW7D7DJ","x":-56.50141835224469,"y":55.36365318204242,"lock":false,"visible":true,"heading":0,"__type":"end-point"},{"uid":"I5qhjAW4G1","x":-7.008633448445979,"y":66.7413048840651,"lock":false,"visible":true,"__type":"control"},{"uid":"R6s2xUAgvj","x":-51.381475086334476,"y":129.88727183029107,"lock":false,"visible":true,"__type":"control"},{"uid":"X3fref0Pwv","x":-20.092932905772074,"y":119.0785027133695,"lock":false,"visible":true,"heading":0,"__type":"end-point"}],"speedProfiles":[],"lookaheadKeyframes":[],"uid":"0LfqSF5Bnp"},{"controls":[{"uid":"X3fref0Pwv","x":-20.092932905772074,"y":119.0785027133695,"lock":false,"visible":true,"heading":0,"__type":"end-point"},{"uid":"ivX6VYZ7CW","x":-58.20806610754809,"y":123.62956339417858,"lock":false,"visible":true,"__type":"control"},{"uid":"kCI3L61ToM","x":-58.20806610754809,"y":93.47878638381844,"lock":false,"visible":true,"__type":"control"},{"uid":"KFWB8Lr3vM","x":-94.61655155402072,"y":91.2032560434139,"lock":false,"visible":true,"heading":0,"__type":"end-point"}],"speedProfiles":[],"lookaheadKeyframes":[],"uid":"3dqaWS0prn"},{"controls":[{"uid":"KFWB8Lr3vM","x":-94.61655155402072,"y":91.2032560434139,"lock":false,"visible":true,"heading":0,"__type":"end-point"},{"uid":"wa50S1bXoE","x":-125.90509373458313,"y":92.34102121361617,"lock":false,"visible":true,"__type":"control"},{"uid":"3OUchUVpMJ","x":-148.09151455352736,"y":115.66520720276269,"lock":false,"visible":true,"__type":"control"},{"uid":"FizF7lCHhI","x":-168.0024050320671,"y":115.66520720276269,"lock":false,"visible":true,"heading":0,"__type":"end-point"}],"speedProfiles":[],"lookaheadKeyframes":[],"uid":"3w5v0qIm64"},{"controls":[{"uid":"FizF7lCHhI","x":-168.0024050320671,"y":115.66520720276269,"lock":false,"visible":true,"heading":0,"__type":"end-point"},{"uid":"b3Xulv2fYm","x":-176.53564380858413,"y":122.4917982239763,"lock":false,"visible":true,"__type":"control"},{"uid":"AnIXUqiouj","x":-118.79406142081893,"y":121.35403305377405,"lock":false,"visible":true,"__type":"control"},{"uid":"tU6q9OCuNz","x":-62.75912678835717,"y":120.21626788357177,"lock":false,"visible":true,"heading":0,"__type":"end-point"}],"speedProfiles":[],"lookaheadKeyframes":[],"uid":"Mr19jInizJ"}],"pc":{"speedLimit":{"minLimit":{"value":0,"label":"0"},"maxLimit":{"value":600,"label":"600"},"step":1,"from":40,"to":120},"bentRateApplicableRange":{"minLimit":{"value":0,"label":"0"},"maxLimit":{"value":1,"label":"1"},"step":0.001,"from":0,"to":0.1}},"name":"Path","uid":"D22E23U7ag","lock":false,"visible":true},{"segments":[{"controls":[{"uid":"ApuArD1vNL","x":140.90083867784904,"y":-60.68839417858905,"lock":false,"visible":true,"heading":0,"__type":"end-point"},{"uid":"6B9LCCgodc","x":56.13733349777997,"y":-55.568450912678834,"lock":false,"visible":true,"heading":0,"__type":"end-point"}],"speedProfiles":[],"lookaheadKeyframes":[],"uid":"MYcPRpWrBC"},{"controls":[{"uid":"6B9LCCgodc","x":56.13733349777997,"y":-55.568450912678834,"lock":false,"visible":true,"heading":0,"__type":"end-point"},{"uid":"38W29Mj34Q","x":10.057844104588064,"y":-73.20381105081401,"lock":false,"visible":true,"__type":"control"},{"uid":"kOkRpdj45h","x":28.26208682782437,"y":-98.23464479526393,"lock":false,"visible":true,"__type":"control"},{"uid":"rpzDlEup0E","x":19.728848051307352,"y":-119.28330044400592,"lock":false,"visible":true,"heading":0,"__type":"end-point"}],"speedProfiles":[],"lookaheadKeyframes":[],"uid":"7m4TDIoEcV"},{"controls":[{"uid":"rpzDlEup0E","x":19.728848051307352,"y":-119.28330044400592,"lock":false,"visible":true,"heading":0,"__type":"end-point"},{"uid":"1yPM6MiUPG","x":43.05303404045387,"y":-132.36759990133203,"lock":false,"visible":true,"__type":"control"},{"uid":"FDh03wtj8k","x":60.68839417858905,"y":-98.80352738036507,"lock":false,"visible":true,"__type":"control"},{"uid":"7KR0ZgbFbC","x":96.52799703996052,"y":-97.6657622101628,"lock":false,"visible":true,"heading":0,"__type":"end-point"}],"speedProfiles":[],"lookaheadKeyframes":[],"uid":"Dt2Ps4zWAX"},{"controls":[{"uid":"7KR0ZgbFbC","x":96.52799703996052,"y":-97.6657622101628,"lock":false,"visible":true,"heading":0,"__type":"end-point"},{"uid":"IecqHPOLZC","x":139.19419092254563,"y":-96.52799703996052,"lock":false,"visible":true,"__type":"control"},{"uid":"gK1FG4ag2j","x":132.93648248643314,"y":-103.35458806117416,"lock":false,"visible":true,"__type":"control"},{"uid":"BwQjY4HV9f","x":169.34496793290577,"y":-114.73223976319684,"lock":false,"visible":true,"heading":0,"__type":"end-point"}],"speedProfiles":[],"lookaheadKeyframes":[],"uid":"6poZAzzdKk"},{"controls":[{"uid":"BwQjY4HV9f","x":169.34496793290577,"y":-114.73223976319684,"lock":false,"visible":true,"heading":0,"__type":"end-point"},{"uid":"nrX6DSZ0sB","x":205.7534533793784,"y":-126.10989146521953,"lock":false,"visible":true,"__type":"control"},{"uid":"CJKu9Ebqb7","x":115.30112234829798,"y":-120.98994819930934,"lock":false,"visible":true,"__type":"control"},{"uid":"0Zk96YCc6n","x":62.39504193389245,"y":-122.69659595461273,"lock":false,"visible":true,"heading":0,"__type":"end-point"}],"speedProfiles":[],"lookaheadKeyframes":[],"uid":"Eqm824UFyV"}],"pc":{"speedLimit":{"minLimit":{"value":0,"label":"0"},"maxLimit":{"value":600,"label":"600"},"step":1,"from":40,"to":120},"bentRateApplicableRange":{"minLimit":{"value":0,"label":"0"},"maxLimit":{"value":1,"label":"1"},"step":0.001,"from":0,"to":0.1}},"name":"Path","uid":"J82fbb89hl","lock":false,"visible":true}]}